VEAUX DE BOUCHERIE
PRIX MOYEN PONDERE DES VEAUX DE BOUCHERIE
EN EURO
SEMAINE N° 4 DU 22/01/2024 AU 28/01/2024

Prix "entrée abattoir" HT exprimé en EURO/Kg de carcasse (cinquième quartier inclus) frais de transport inclus

ENTREE ABATTOIR;;NON ELEVES AU PIS;;ELEVES AU PIS
Cot.;Var.;Cot.;Var.;Cot.;Var.
7,00;-0,09;6,99;-0,07;9,83;-0,24;


Le prix moyen pondéré entrée abattoir est une moyenne pondérée sur les tonnages des prix moyens pondérés des veaux non élevés au pis et des veaux élevés au pis.