GROS BOVINS VIFS
COTATION NATIONALE DES GROS BOVINS VIFS SUR LES MARCHES DE REFERENCE
EN EURO
SEMAINE N° 2 DU 11/01/2023 AU 17/01/2023

;;;;;;;;;;;;;;EURO/Kg VIF
EN EURO/KG NET;;;AGEN;ARRA;BOUR;CHOL;CHRI;FORG;LAIS;LEZA;RETH;MOYENNE NATIONALE EN EURO/100 Kg Net;variation par rapport à la semaine précédente;LAMB
BOVINS PRESENTS;;;;;;;;;;;;;;;
variation;;;;;;;;;;;;;;;
VACHES;VIANDES;E;;;;;;;;;;;;;
VACHES;VIANDES;U;;;;;;;;;;;;;
VACHES;VIANDES;R;;;;;;;;;;;;;
VACHES;VIANDES;O;;;;;;;;;;;;;
VACHES;BLD -10A+350KG;E;;;;;;;;;;;;;
VACHES;BLD -10A+350KG;U;;;;;;;;;;;;;
VACHES;BLD -10A+350KG;R;;;;;;;;;;;;;
VACHES;CHA -10A+350KG;U;;;;;;;;;;;;;
VACHES;CHA -10A+350KG;R;;;;;;;;;;;;;
VACHES;LIM -10A+350KG;U;;;;;;;;;;;;;
VACHES;LIM -10A+350KG;R;;;;;;;;;;;;;
VACHES;MIXTE;R;;;;;;;;;;;;;
VACHES;MIXTE;O;;;;;;;;;;;;;
VACHES;LAIT;O;;;;;;;;;;;;;
VACHES;LAIT;P;;;;;;;;;;;;;
GÉNISSES;VML;U;;;;;;;;;;;;;
GÉNISSES;VML;R;;;;;;;;;;;;;
GÉNISSES;VML;O;;;;;;;;;;;;;
GÉNISSES;VIA +350KG;E;;;;;;;;;;;;;
GÉNISSES;VIA +350KG;U;;;;;;;;;;;;;
GÉNISSES;VIA +350KG;R;;;;;;;;;;;;;
BOEUFS;VIANDES;E;;;;;;;;;;;;;
BOEUFS;VIANDES;U;;;;;;;;;;;;;
BOEUFS;VIANDES;R;;;;;;;;;;;;;
BOEUFS;VIANDES;O;;;;;;;;;;;;;
BOEUFS;MIXTE;R;;;;;;;;;;;;;
BOEUFS;MIXTE;O;;;;;;;;;;;;;
BOEUFS;LAIT;O;;;;;;;;;;;;;
BOEUFS;LAIT;P;;;;;;;;;;;;;
TAUREAUX;VML;URO;;;;;;;;;;;;;
JEUNES BOVINS;VIANDES;E;;;;;;;;;;;;;
JEUNES BOVINS;VIANDES;U;;;;;;;;;;;;;
JEUNES BOVINS;VIANDES;R;;;;;;;;;;;;;
JEUNES BOVINS;JB BLONDS;E;;;;;;;;;;;;;
JEUNES BOVINS;JB BLONDS;U;;;;;;;;;;;;;
JEUNES BOVINS;MIXTE;R;;;;;;;;;;;;;
JEUNES BOVINS;MIXTE;O;;;;;;;;;;;;;
JEUNES BOVINS;LAIT;O;;;;;;;;;;;;;
JEUNES BOVINS;LAIT;P;;;;;;;;;;;;;


PRIX MOYEN PONDERE AUX 100 KG VIF;DIFFERENCE AVEC LA SEMAINE PRECEDENTE
;

JEUNES BOVINS EN EURO/100 Kg Net
